supcomb20 3i4rB.pdb 23917.B99990001.pdb

 Number of atoms read ................................... : 3168
 Number of knots in the rough grid ...................... : 1129
 Fineness of the template ............................... : 4.310
 Number of atoms read ................................... : 5466
 Number of knots in the rough grid ...................... : 1274
 Fineness of the superimposed structure ................. : 5.205

  Principal axes orientation table

    Distance                       Orientation

  0.81102300433295194                1          -1          -1
   1.1463995116717327               -1          -1           1
   1.7516165994647503               -1           1          -1
 ---------------------------------------------
   1.7535132459248051                1           1           1
 Distance after inertia-axes alignment .................. : 0.8110
 Distance after inertia-axes alignment .................. : 1.146
 Distance after inertia-axes alignment .................. : 1.752
 Distance after inertia-axes alignment .................. : 1.754

  --- ith Transformation matrix --- 
   0.999526  -0.020641  -0.022824  -1.027721
   0.018929   0.997164  -0.072845   0.641048
   0.024263   0.072378   0.997082  -3.710859
   0.000000   0.000000   0.000000   1.000000
 ith Function value ..................................... : 2.140
  --- ith Transformation matrix --- 
  -0.947864  -0.004472   0.318643 -19.805245
  -0.097935  -0.947425  -0.304621  64.179123
   0.303253  -0.319946   0.897593  11.847808
   0.000000   0.000000   0.000000   1.000000
 ith Function value ..................................... : 3.178
  --- ith Transformation matrix --- 
  -0.904043   0.033653  -0.426114  -2.533544
  -0.062740   0.975652   0.210161  -1.173916
   0.422811   0.216729  -0.879920  41.061690
   0.000000   0.000000   0.000000   1.000000
 ith Function value ..................................... : 5.389
  --- ith Transformation matrix --- 
   0.823436   0.138261  -0.550306   5.578581
   0.175576  -0.984345   0.015409  66.157547
  -0.539561  -0.109309  -0.834821  42.652203
   0.000000   0.000000   0.000000   1.000000
 ith Function value ..................................... : 5.187
 Fineness of the template ............................... : 1.364
 Fineness of the superimposed structure ................. : 1.373
 Initial distance ....................................... : 2.140

  Minimization started ...


 Minimization completed with Ifail ...................... : 0
 Distance after minimization ............................ : 2.125

 Shift vector  X ........................................ : -0.7150
 Shift vector  Y ........................................ : -3.044e-2
 Shift vector  Z ........................................ : 4.379e-2
 Euler angle Alpha (grad) ............................... : 142.9
 Euler angle Beta  (grad) ............................... : 1.713
 Euler angle Gamma (grad) ............................... : 217.1
supcomb20 3i4rB.pdb 23917.B99990002.pdb

 Number of atoms read ................................... : 3168
 Number of knots in the rough grid ...................... : 1129
 Fineness of the template ............................... : 4.310
 Number of atoms read ................................... : 5466
 Number of knots in the rough grid ...................... : 1249
 Fineness of the superimposed structure ................. : 5.205

  Principal axes orientation table

    Distance                       Orientation

  0.79189104951887923                1           1           1
   1.2457760197524155               -1           1          -1
   1.8004617505405569                1          -1          -1
 ---------------------------------------------
   1.8217892945916769               -1          -1           1
 Distance after inertia-axes alignment .................. : 0.7919
 Distance after inertia-axes alignment .................. : 1.246
 Distance after inertia-axes alignment .................. : 1.801
 Distance after inertia-axes alignment .................. : 1.822

  --- ith Transformation matrix --- 
   0.992912   0.012779  -0.118166   0.924257
  -0.020833   0.997524  -0.067173   1.942363
   0.117015   0.069158   0.990719  -3.291007
   0.000000   0.000000   0.000000   1.000000
 ith Function value ..................................... : 2.124
  --- ith Transformation matrix --- 
  -0.950454  -0.019346   0.310262 -21.270808
  -0.064416  -0.964142  -0.257451  61.179971
   0.304117  -0.264681   0.915127   8.393354
   0.000000   0.000000   0.000000   1.000000
 ith Function value ..................................... : 3.138
  --- ith Transformation matrix --- 
   0.791653   0.145151  -0.593479   8.397057
   0.208554  -0.977226   0.039187  63.490637
  -0.574274  -0.154795  -0.803895  42.512623
   0.000000   0.000000   0.000000   1.000000
 ith Function value ..................................... : 5.433
  --- ith Transformation matrix --- 
  -0.946195  -0.011119  -0.323407  -5.303649
  -0.072783   0.981115   0.179211   2.026048
   0.315306   0.193107  -0.929135  44.350771
   0.000000   0.000000   0.000000   1.000000
 ith Function value ..................................... : 5.767
 Fineness of the template ............................... : 1.364
 Fineness of the superimposed structure ................. : 1.373
 Initial distance ....................................... : 2.124

  Minimization started ...


 Minimization completed with Ifail ...................... : 0
 Distance after minimization ............................ : 2.113

 Shift vector  X ........................................ : 0.3387
 Shift vector  Y ........................................ : -6.378e-2
 Shift vector  Z ........................................ : 8.976e-2
 Euler angle Alpha (grad) ............................... : 7.412e-2
 Euler angle Beta  (grad) ............................... : 1.106
 Euler angle Gamma (grad) ............................... : 0.7711
supcomb20 3i4rB.pdb 23917.B99990003.pdb

 Number of atoms read ................................... : 3168
 Number of knots in the rough grid ...................... : 1129
 Fineness of the template ............................... : 4.310
 Number of atoms read ................................... : 5466
 Number of knots in the rough grid ...................... : 1295
 Fineness of the superimposed structure ................. : 5.205

  Principal axes orientation table

    Distance                       Orientation

  0.79337987491458883                1           1           1
   1.2285809124918083               -1           1          -1
   1.6988143386348744               -1          -1           1
 ---------------------------------------------
   1.7368694314261330                1          -1          -1
 Distance after inertia-axes alignment .................. : 0.7934
 Distance after inertia-axes alignment .................. : 1.229
 Distance after inertia-axes alignment .................. : 1.699
 Distance after inertia-axes alignment .................. : 1.737

  --- ith Transformation matrix --- 
   0.996535  -0.041172  -0.072276   0.845970
   0.038461   0.998518  -0.038501   1.702422
   0.073754   0.035588   0.996641  -0.832819
   0.000000   0.000000   0.000000   1.000000
 ith Function value ..................................... : 2.207
  --- ith Transformation matrix --- 
  -0.926749   0.014524   0.375400 -21.156943
  -0.145240  -0.935408  -0.322363  61.378656
   0.346470  -0.353273   0.868998  13.034007
   0.000000   0.000000   0.000000   1.000000
 ith Function value ..................................... : 3.166
  --- ith Transformation matrix --- 
  -0.929451   0.029601  -0.367756  -5.196407
  -0.054391   0.974892   0.215934   0.661618
   0.364914   0.220702  -0.904504  40.265059
   0.000000   0.000000   0.000000   1.000000
 ith Function value ..................................... : 5.184
  --- ith Transformation matrix --- 
   0.839350   0.106321  -0.533093   6.859149
   0.132288  -0.991154   0.010608  63.146119
  -0.527250  -0.079426  -0.845990  40.994042
   0.000000   0.000000   0.000000   1.000000
 ith Function value ..................................... : 5.151
 Fineness of the template ............................... : 1.364
 Fineness of the superimposed structure ................. : 1.373
 Initial distance ....................................... : 2.207

  Minimization started ...


 Minimization completed with Ifail ...................... : 0
 Distance after minimization ............................ : 2.197

 Shift vector  X ........................................ : 0.6040
 Shift vector  Y ........................................ : -0.5659
 Shift vector  Z ........................................ : 0.1955
 Euler angle Alpha (grad) ............................... : 79.08
 Euler angle Beta  (grad) ............................... : 0.3964
 Euler angle Gamma (grad) ............................... : 280.5
supcomb20 3i4rB.pdb 23917.B99990004.pdb

 Number of atoms read ................................... : 3168
 Number of knots in the rough grid ...................... : 1129
 Fineness of the template ............................... : 4.310
 Number of atoms read ................................... : 5466
 Number of knots in the rough grid ...................... : 1271
 Fineness of the superimposed structure ................. : 5.205

  Principal axes orientation table

    Distance                       Orientation

  0.78681739451645771                1           1           1
   1.2041253191023815               -1           1          -1
   1.7560899435653303               -1          -1           1
 ---------------------------------------------
   1.7746298465903783                1          -1          -1
 Distance after inertia-axes alignment .................. : 0.7868
 Distance after inertia-axes alignment .................. : 1.204
 Distance after inertia-axes alignment .................. : 1.756
 Distance after inertia-axes alignment .................. : 1.775

  --- ith Transformation matrix --- 
   0.994835  -0.010159  -0.100994  -1.114502
   0.008177   0.999766  -0.020012   0.771514
   0.101174   0.019082   0.994686  -2.240196
   0.000000   0.000000   0.000000   1.000000
 ith Function value ..................................... : 2.122
  --- ith Transformation matrix --- 
  -0.940188  -0.054477   0.336271 -17.266126
  -0.071882  -0.933178  -0.352152  63.873389
   0.332985  -0.355261   0.873447  11.893129
   0.000000   0.000000   0.000000   1.000000
 ith Function value ..................................... : 3.089
  --- ith Transformation matrix --- 
  -0.953761  -0.006401  -0.300499  -3.329859
  -0.086388   0.963426   0.253669  -0.534646
   0.287884   0.267899  -0.919431  39.958168
   0.000000   0.000000   0.000000   1.000000
 ith Function value ..................................... : 5.375
  --- ith Transformation matrix --- 
   0.801883   0.192471  -0.565631   4.210312
   0.218508  -0.975583  -0.022193  64.610337
  -0.556091  -0.105799  -0.824360  42.585581
   0.000000   0.000000   0.000000   1.000000
 ith Function value ..................................... : 5.347
 Fineness of the template ............................... : 1.364
 Fineness of the superimposed structure ................. : 1.373
 Initial distance ....................................... : 2.122

  Minimization started ...


 Minimization completed with Ifail ...................... : 0
 Distance after minimization ............................ : 2.097

 Shift vector  X ........................................ : -0.5536
 Shift vector  Y ........................................ : -1.028
 Shift vector  Z ........................................ : 0.4700
 Euler angle Alpha (grad) ............................... : 140.3
 Euler angle Beta  (grad) ............................... : 1.658
 Euler angle Gamma (grad) ............................... : 220.1
supcomb20 3i4rB.pdb 23917.B99990005.pdb

 Number of atoms read ................................... : 3168
 Number of knots in the rough grid ...................... : 1129
 Fineness of the template ............................... : 4.310
 Number of atoms read ................................... : 5466
 Number of knots in the rough grid ...................... : 1276
 Fineness of the superimposed structure ................. : 5.205

  Principal axes orientation table

    Distance                       Orientation

  0.80890262060228713                1          -1          -1
   1.1933843185527435               -1          -1           1
   1.7621688365576356               -1           1          -1
 ---------------------------------------------
   1.7803649591020405                1           1           1
 Distance after inertia-axes alignment .................. : 0.8089
 Distance after inertia-axes alignment .................. : 1.193
 Distance after inertia-axes alignment .................. : 1.762
 Distance after inertia-axes alignment .................. : 1.780

  --- ith Transformation matrix --- 
   0.993300  -0.059602   0.099011  -1.059544
   0.060771   0.998113  -0.008834   1.673377
  -0.098298   0.014792   0.995047  -3.215837
   0.000000   0.000000   0.000000   1.000000
 ith Function value ..................................... : 2.153
  --- ith Transformation matrix --- 
  -0.969392   0.001161   0.245514 -20.219123
  -0.081488  -0.944824  -0.317281  60.502262
   0.231599  -0.327576   0.916000   9.763319
   0.000000   0.000000   0.000000   1.000000
 ith Function value ..................................... : 3.113
  --- ith Transformation matrix --- 
  -0.838969   0.055890  -0.541301  -1.394768
  -0.060368   0.979013   0.194650   1.869194
   0.540820   0.195982  -0.817988  43.737147
   0.000000   0.000000   0.000000   1.000000
 ith Function value ..................................... : 5.387
  --- ith Transformation matrix --- 
   0.903949   0.111786  -0.412772   6.846145
   0.139731  -0.989459   0.038040  61.176170
  -0.404168  -0.092063  -0.910040  44.021771
   0.000000   0.000000   0.000000   1.000000
 ith Function value ..................................... : 5.328
 Fineness of the template ............................... : 1.364
 Fineness of the superimposed structure ................. : 1.373
 Initial distance ....................................... : 2.153

  Minimization started ...


 Minimization completed with Ifail ...................... : 0
 Distance after minimization ............................ : 2.139

 Shift vector  X ........................................ : -0.3605
 Shift vector  Y ........................................ : 0.6846
 Shift vector  Z ........................................ : -0.4729
 Euler angle Alpha (grad) ............................... : 187.3
 Euler angle Beta  (grad) ............................... : 2.013
 Euler angle Gamma (grad) ............................... : 172.3
supcomb20 3i4rB.pdb 23917.B99990006.pdb

 Number of atoms read ................................... : 3168
 Number of knots in the rough grid ...................... : 1129
 Fineness of the template ............................... : 4.310
 Number of atoms read ................................... : 5466
 Number of knots in the rough grid ...................... : 1262
 Fineness of the superimposed structure ................. : 5.205

  Principal axes orientation table

    Distance                       Orientation

  0.77856796599076761                1           1           1
   1.3764213544737456               -1           1          -1
   1.6689805027518907               -1          -1           1
 ---------------------------------------------
   1.7695725191321363                1          -1          -1
 Distance after inertia-axes alignment .................. : 0.7786
 Distance after inertia-axes alignment .................. : 1.376
 Distance after inertia-axes alignment .................. : 1.669
 Distance after inertia-axes alignment .................. : 1.770

  --- ith Transformation matrix --- 
   0.992289  -0.025710  -0.121252   1.556677
   0.023965   0.999588  -0.015825  -0.546473
   0.121609   0.012797   0.992496  -0.299671
   0.000000   0.000000   0.000000   1.000000
 ith Function value ..................................... : 2.113
  --- ith Transformation matrix --- 
  -0.925198   0.010948   0.379326 -22.393296
  -0.146615  -0.932279  -0.330695  63.897888
   0.350018  -0.361573   0.864148  13.363209
   0.000000   0.000000   0.000000   1.000000
 ith Function value ..................................... : 3.338
  --- ith Transformation matrix --- 
  -0.975386   0.064401  -0.210891  -9.852494
   0.009703   0.968009   0.250728  -2.494175
   0.220291   0.242510  -0.944807  40.563751
   0.000000   0.000000   0.000000   1.000000
 ith Function value ..................................... : 5.407
  --- ith Transformation matrix --- 
   0.829689   0.127831  -0.543393   6.498805
   0.157605  -0.987467   0.008344  65.327929
  -0.535516  -0.092565  -0.839437  41.608006
   0.000000   0.000000   0.000000   1.000000
 ith Function value ..................................... : 5.197
 Fineness of the template ............................... : 1.364
 Fineness of the superimposed structure ................. : 1.373
 Initial distance ....................................... : 2.113

  Minimization started ...


 Minimization completed with Ifail ...................... : 0
 Distance after minimization ............................ : 2.105

 Shift vector  X ........................................ : -0.4510
 Shift vector  Y ........................................ : 0.4153
 Shift vector  Z ........................................ : -2.468e-3
 Euler angle Alpha (grad) ............................... : 277.4
 Euler angle Beta  (grad) ............................... : 0.4123
 Euler angle Gamma (grad) ............................... : 82.96
supcomb20 3i4rB.pdb 23917.B99990007.pdb

 Number of atoms read ................................... : 3168
 Number of knots in the rough grid ...................... : 1129
 Fineness of the template ............................... : 4.310
 Number of atoms read ................................... : 5466
 Number of knots in the rough grid ...................... : 1273
 Fineness of the superimposed structure ................. : 5.205

  Principal axes orientation table

    Distance                       Orientation

  0.79779269189349833                1           1           1
   1.2334242645086591               -1           1          -1
   1.7631329971024525                1          -1          -1
 ---------------------------------------------
   1.7916149768593577               -1          -1           1
 Distance after inertia-axes alignment .................. : 0.7978
 Distance after inertia-axes alignment .................. : 1.233
 Distance after inertia-axes alignment .................. : 1.763
 Distance after inertia-axes alignment .................. : 1.792

  --- ith Transformation matrix --- 
   0.964963  -0.018392  -0.261740   7.747610
   0.019471   0.999809   0.001532   1.209981
   0.261661  -0.006574   0.965137  -0.172942
   0.000000   0.000000   0.000000   1.000000
 ith Function value ..................................... : 2.125
  --- ith Transformation matrix --- 
  -0.890163  -0.030554   0.454617 -25.476841
  -0.139780  -0.931328  -0.336289  61.316324
   0.433672  -0.362899   0.824763  14.186273
   0.000000   0.000000   0.000000   1.000000
 ith Function value ..................................... : 3.163
  --- ith Transformation matrix --- 
   0.716923   0.174168  -0.675046  11.052554
   0.171764  -0.982570  -0.071092  65.282701
  -0.675662  -0.064981  -0.734343  37.718714
   0.000000   0.000000   0.000000   1.000000
 ith Function value ..................................... : 5.314
  --- ith Transformation matrix --- 
  -0.980641   0.028944  -0.193665 -10.814043
  -0.025422   0.961826   0.272477  -0.914200
   0.194159   0.272126  -0.942470  42.331752
   0.000000   0.000000   0.000000   1.000000
 ith Function value ..................................... : 5.535
 Fineness of the template ............................... : 1.364
 Fineness of the superimposed structure ................. : 1.373
 Initial distance ....................................... : 2.125

  Minimization started ...


 Minimization completed with Ifail ...................... : 0
 Distance after minimization ............................ : 2.101

 Shift vector  X ........................................ : -1.274
 Shift vector  Y ........................................ : -0.6603
 Shift vector  Z ........................................ : 0.4374
 Euler angle Alpha (grad) ............................... : 162.7
 Euler angle Beta  (grad) ............................... : 2.154
 Euler angle Gamma (grad) ............................... : 197.8
supcomb20 3i4rB.pdb 23917.B99990008.pdb

 Number of atoms read ................................... : 3168
 Number of knots in the rough grid ...................... : 1129
 Fineness of the template ............................... : 4.310
 Number of atoms read ................................... : 5466
 Number of knots in the rough grid ...................... : 1267
 Fineness of the superimposed structure ................. : 5.205

  Principal axes orientation table

    Distance                       Orientation

  0.77529529951379372                1           1           1
   1.2925267208561217               -1           1          -1
   1.6817832285867034               -1          -1           1
 ---------------------------------------------
   1.8142350740602173                1          -1          -1
 Distance after inertia-axes alignment .................. : 0.7753
 Distance after inertia-axes alignment .................. : 1.293
 Distance after inertia-axes alignment .................. : 1.682
 Distance after inertia-axes alignment .................. : 1.814

  --- ith Transformation matrix --- 
   0.999883   0.001081  -0.015268  -2.270904
  -0.001238   0.999947  -0.010266  -1.830171
   0.015256   0.010284   0.999831  -0.738851
   0.000000   0.000000   0.000000   1.000000
 ith Function value ..................................... : 2.120
  --- ith Transformation matrix --- 
  -0.970925  -0.040307   0.235965 -16.670368
  -0.045442  -0.936766  -0.346994  64.938091
   0.235030  -0.347628   0.907698  12.551935
   0.000000   0.000000   0.000000   1.000000
 ith Function value ..................................... : 3.248
  --- ith Transformation matrix --- 
  -0.934063   0.004726  -0.357076  -4.905304
  -0.079246   0.972238   0.220167  -2.851853
   0.348204   0.233947  -0.907757  39.613003
   0.000000   0.000000   0.000000   1.000000
 ith Function value ..................................... : 5.167
  --- ith Transformation matrix --- 
   0.856293   0.164780  -0.489500   3.545657
   0.193809  -0.981000   0.008800  66.807810
  -0.478750  -0.102404  -0.871959  42.866293
   0.000000   0.000000   0.000000   1.000000
 ith Function value ..................................... : 5.353
 Fineness of the template ............................... : 1.364
 Fineness of the superimposed structure ................. : 1.373
 Initial distance ....................................... : 2.120

  Minimization started ...


 Minimization completed with Ifail ...................... : 0
 Distance after minimization ............................ : 2.116

 Shift vector  X ........................................ : -0.1666
 Shift vector  Y ........................................ : 0.4278
 Shift vector  Z ........................................ : -0.3645
 Euler angle Alpha (grad) ............................... : 188.3
 Euler angle Beta  (grad) ............................... : 1.419
 Euler angle Gamma (grad) ............................... : 170.9
supcomb20 3i4rB.pdb 23917.B99990009.pdb

 Number of atoms read ................................... : 3168
 Number of knots in the rough grid ...................... : 1129
 Fineness of the template ............................... : 4.310
 Number of atoms read ................................... : 5466
 Number of knots in the rough grid ...................... : 1254
 Fineness of the superimposed structure ................. : 5.205

  Principal axes orientation table

    Distance                       Orientation

  0.81407828715418817                1           1           1
   1.2766980154549559               -1           1          -1
   1.7471312392406897               -1          -1           1
 ---------------------------------------------
   1.7521377357879202                1          -1          -1
 Distance after inertia-axes alignment .................. : 0.8141
 Distance after inertia-axes alignment .................. : 1.277
 Distance after inertia-axes alignment .................. : 1.747
 Distance after inertia-axes alignment .................. : 1.752

  --- ith Transformation matrix --- 
   0.969232  -0.038645  -0.243097   3.382479
   0.026264   0.998197  -0.053969   2.611701
   0.244744   0.045924   0.968499  -1.729068
   0.000000   0.000000   0.000000   1.000000
 ith Function value ..................................... : 2.192
  --- ith Transformation matrix --- 
  -0.872932   0.014638   0.487623 -23.792489
  -0.161916  -0.951582  -0.261293  59.168325
   0.460188  -0.307045   0.833037  11.546844
   0.000000   0.000000   0.000000   1.000000
 ith Function value ..................................... : 3.188
  --- ith Transformation matrix --- 
  -0.965483   0.019757  -0.259716  -5.287377
  -0.029834   0.982168   0.185622   3.303808
   0.258752   0.186963  -0.947677  43.704946
   0.000000   0.000000   0.000000   1.000000
 ith Function value ..................................... : 5.222
  --- ith Transformation matrix --- 
   0.724226   0.122841  -0.678533   9.379140
   0.167782  -0.985824   0.000608  61.252175
  -0.668840  -0.114286  -0.734569  39.973357
   0.000000   0.000000   0.000000   1.000000
 ith Function value ..................................... : 5.289
 Fineness of the template ............................... : 1.364
 Fineness of the superimposed structure ................. : 1.373
 Initial distance ....................................... : 2.192

  Minimization started ...


 Minimization completed with Ifail ...................... : 0
 Distance after minimization ............................ : 2.182

 Shift vector  X ........................................ : 0.4910
 Shift vector  Y ........................................ : 0.1409
 Shift vector  Z ........................................ : -0.3144
 Euler angle Alpha (grad) ............................... : 178.0
 Euler angle Beta  (grad) ............................... : 1.309
 Euler angle Gamma (grad) ............................... : 181.1
supcomb20 3i4rB.pdb 23917.B99990010.pdb

 Number of atoms read ................................... : 3168
 Number of knots in the rough grid ...................... : 1129
 Fineness of the template ............................... : 4.310
 Number of atoms read ................................... : 5466
 Number of knots in the rough grid ...................... : 1276
 Fineness of the superimposed structure ................. : 5.205

  Principal axes orientation table

    Distance                       Orientation

  0.79965461978370345                1           1           1
   1.1869342073765405               -1           1          -1
   1.7489240557578745               -1          -1           1
 ---------------------------------------------
   1.7519426122399731                1          -1          -1
 Distance after inertia-axes alignment .................. : 0.7997
 Distance after inertia-axes alignment .................. : 1.187
 Distance after inertia-axes alignment .................. : 1.749
 Distance after inertia-axes alignment .................. : 1.752

  --- ith Transformation matrix --- 
   0.998625  -0.052217   0.004599  -2.024504
   0.052416   0.995616  -0.077468   5.018842
  -0.000534   0.077603   0.996984  -1.502356
   0.000000   0.000000   0.000000   1.000000
 ith Function value ..................................... : 2.140
  --- ith Transformation matrix --- 
  -0.952146   0.025053   0.304615 -19.005621
  -0.114248  -0.953563  -0.278684  58.124096
   0.283488  -0.300150   0.910794  10.880523
   0.000000   0.000000   0.000000   1.000000
 ith Function value ..................................... : 3.155
  --- ith Transformation matrix --- 
  -0.893109   0.046806  -0.447399  -2.336129
  -0.043471   0.980937   0.189401   3.904725
   0.447735   0.188605  -0.874049  41.279195
   0.000000   0.000000   0.000000   1.000000
 ith Function value ..................................... : 5.313
  --- ith Transformation matrix --- 
   0.823736   0.118332  -0.554488   5.211151
   0.150821  -0.988474   0.013108  61.480110
  -0.546545  -0.094426  -0.832089  41.007171
   0.000000   0.000000   0.000000   1.000000
 ith Function value ..................................... : 5.208
 Fineness of the template ............................... : 1.364
 Fineness of the superimposed structure ................. : 1.373
 Initial distance ....................................... : 2.140

  Minimization started ...


 Minimization completed with Ifail ...................... : 0
 Distance after minimization ............................ : 2.116

 Shift vector  X ........................................ : 0.5027
 Shift vector  Y ........................................ : -0.9560
 Shift vector  Z ........................................ : 0.3899
 Euler angle Alpha (grad) ............................... : 109.5
 Euler angle Beta  (grad) ............................... : 1.153
 Euler angle Gamma (grad) ............................... : 249.9
supcomb20 3i4rB.pdb 23917.B99990011.pdb

 Number of atoms read ................................... : 3168
 Number of knots in the rough grid ...................... : 1129
 Fineness of the template ............................... : 4.310
 Number of atoms read ................................... : 5466
 Number of knots in the rough grid ...................... : 1276
 Fineness of the superimposed structure ................. : 5.205

  Principal axes orientation table

    Distance                       Orientation

  0.80317979917985693                1          -1          -1
   1.1653961126357433               -1          -1           1
   1.6831379499288550                1           1           1
 ---------------------------------------------
   1.7290584376310283               -1           1          -1
 Distance after inertia-axes alignment .................. : 0.8032
 Distance after inertia-axes alignment .................. : 1.165
 Distance after inertia-axes alignment .................. : 1.683
 Distance after inertia-axes alignment .................. : 1.729

  --- ith Transformation matrix --- 
   0.999524   0.030724   0.002722  -2.283296
  -0.030655   0.999276  -0.022535  -0.551183
  -0.003413   0.022441   0.999742  -2.379139
   0.000000   0.000000   0.000000   1.000000
 ith Function value ..................................... : 2.154
  --- ith Transformation matrix --- 
  -0.957798  -0.069637   0.278878 -18.007802
  -0.028999  -0.941849  -0.334782  63.849501
   0.285974  -0.328741   0.900083  11.345087
   0.000000   0.000000   0.000000   1.000000
 ith Function value ..................................... : 3.357
  --- ith Transformation matrix --- 
   0.757914   0.231070  -0.610060   4.751399
   0.246802  -0.967223  -0.059734  66.207585
  -0.603867  -0.105291  -0.790101  40.421643
   0.000000   0.000000   0.000000   1.000000
 ith Function value ..................................... : 5.106
  --- ith Transformation matrix --- 
  -0.891139   0.014946  -0.453484  -1.016403
  -0.119864   0.956196   0.267060  -0.512521
   0.437612   0.292344  -0.850312  39.191375
   0.000000   0.000000   0.000000   1.000000
 ith Function value ..................................... : 5.349
 Fineness of the template ............................... : 1.364
 Fineness of the superimposed structure ................. : 1.373
 Initial distance ....................................... : 2.154

  Minimization started ...


 Minimization completed with Ifail ...................... : 0
 Distance after minimization ............................ : 2.148

 Shift vector  X ........................................ : 0.1353
 Shift vector  Y ........................................ : 7.815e-2
 Shift vector  Z ........................................ : -0.1558
 Euler angle Alpha (grad) ............................... : 352.7
 Euler angle Beta  (grad) ............................... : 1.213
 Euler angle Gamma (grad) ............................... : 8.015
supcomb20 3i4rB.pdb 23917.B99990012.pdb

 Number of atoms read ................................... : 3168
 Number of knots in the rough grid ...................... : 1129
 Fineness of the template ............................... : 4.310
 Number of atoms read ................................... : 5466
 Number of knots in the rough grid ...................... : 1281
 Fineness of the superimposed structure ................. : 5.205

  Principal axes orientation table

    Distance                       Orientation

  0.81194766067824709                1           1           1
   1.1538561675677856               -1           1          -1
   1.7324715888074438                1          -1          -1
 ---------------------------------------------
   1.7627579491744081               -1          -1           1
 Distance after inertia-axes alignment .................. : 0.8120
 Distance after inertia-axes alignment .................. : 1.154
 Distance after inertia-axes alignment .................. : 1.733
 Distance after inertia-axes alignment .................. : 1.763

  --- ith Transformation matrix --- 
   0.994844  -0.007550  -0.101136   0.554332
   0.004172   0.999428  -0.033567  -0.036616
   0.101331   0.032972   0.994306  -3.697816
   0.000000   0.000000   0.000000   1.000000
 ith Function value ..................................... : 2.144
  --- ith Transformation matrix --- 
  -0.930956  -0.037125   0.363238 -20.832893
  -0.086634  -0.943951  -0.318514  63.906450
   0.354704  -0.327991   0.875561  10.605913
   0.000000   0.000000   0.000000   1.000000
 ith Function value ..................................... : 3.137
  --- ith Transformation matrix --- 
   0.826797   0.155274  -0.540644   6.094315
   0.180163  -0.983612  -0.006976  65.646619
  -0.532867  -0.091637  -0.841222  43.265724
   0.000000   0.000000   0.000000   1.000000
 ith Function value ..................................... : 5.167
  --- ith Transformation matrix --- 
  -0.955318  -0.015134  -0.295194  -4.599173
  -0.091595   0.964686   0.246964  -2.321549
   0.281031   0.262967  -0.922968  41.003820
   0.000000   0.000000   0.000000   1.000000
 ith Function value ..................................... : 5.518
 Fineness of the template ............................... : 1.364
 Fineness of the superimposed structure ................. : 1.373
 Initial distance ....................................... : 2.144

  Minimization started ...


 Minimization completed with Ifail ...................... : 0
 Distance after minimization ............................ : 2.123

 Shift vector  X ........................................ : -0.6288
 Shift vector  Y ........................................ : -3.637e-3
 Shift vector  Z ........................................ : -5.199e-2
 Euler angle Alpha (grad) ............................... : 172.5
 Euler angle Beta  (grad) ............................... : 1.734
 Euler angle Gamma (grad) ............................... : 188.1
supcomb20 3i4rB.pdb 23917.B99990013.pdb

 Number of atoms read ................................... : 3168
 Number of knots in the rough grid ...................... : 1129
 Fineness of the template ............................... : 4.310
 Number of atoms read ................................... : 5466
 Number of knots in the rough grid ...................... : 1288
 Fineness of the superimposed structure ................. : 5.205

  Principal axes orientation table

    Distance                       Orientation

  0.83026724555054665                1           1           1
   1.2846873703615018               -1           1          -1
   1.7603646301139413               -1          -1           1
 ---------------------------------------------
   1.8129987599479260                1          -1          -1
 Distance after inertia-axes alignment .................. : 0.8303
 Distance after inertia-axes alignment .................. : 1.285
 Distance after inertia-axes alignment .................. : 1.760
 Distance after inertia-axes alignment .................. : 1.813

  --- ith Transformation matrix --- 
   0.997269   0.063550  -0.037636  -2.310261
  -0.063741   0.997959  -0.003886  -0.162622
   0.037312   0.006275   0.999284  -1.894276
   0.000000   0.000000   0.000000   1.000000
 ith Function value ..................................... : 2.253
  --- ith Transformation matrix --- 
  -0.966426  -0.070980   0.246948 -17.798351
  -0.015380  -0.943384  -0.331345  61.140684
   0.256486  -0.324019   0.910619   9.823279
   0.000000   0.000000   0.000000   1.000000
 ith Function value ..................................... : 3.358
  --- ith Transformation matrix --- 
  -0.860858  -0.015284  -0.508616   0.298381
  -0.148180   0.963758   0.221841  -0.539987
   0.486793   0.266340  -0.831923  40.563838
   0.000000   0.000000   0.000000   1.000000
 ith Function value ..................................... : 5.369
  --- ith Transformation matrix --- 
   0.810244   0.241405  -0.534068   3.762448
   0.257173  -0.965263  -0.046148  64.978405
  -0.526656  -0.099956  -0.844181  41.727640
   0.000000   0.000000   0.000000   1.000000
 ith Function value ..................................... : 5.345
 Fineness of the template ............................... : 1.364
 Fineness of the superimposed structure ................. : 1.373
 Initial distance ....................................... : 2.253

  Minimization started ...


 Minimization completed with Ifail ...................... : 0
 Distance after minimization ............................ : 2.246

 Shift vector  X ........................................ : -0.2885
 Shift vector  Y ........................................ : 0.5714
 Shift vector  Z ........................................ : -0.2831
 Euler angle Alpha (grad) ............................... : 179.7
 Euler angle Beta  (grad) ............................... : 1.557
 Euler angle Gamma (grad) ............................... : 179.7
supcomb20 3i4rB.pdb 23917.B99990014.pdb

 Number of atoms read ................................... : 3168
 Number of knots in the rough grid ...................... : 1129
 Fineness of the template ............................... : 4.310
 Number of atoms read ................................... : 5466
 Number of knots in the rough grid ...................... : 1269
 Fineness of the superimposed structure ................. : 5.204

  Principal axes orientation table

    Distance                       Orientation

  0.77557786906517923                1           1           1
   1.1655305656768562               -1           1          -1
   1.7119856447171788               -1          -1           1
 ---------------------------------------------
   1.7378902173999153                1          -1          -1
 Distance after inertia-axes alignment .................. : 0.7756
 Distance after inertia-axes alignment .................. : 1.166
 Distance after inertia-axes alignment .................. : 1.712
 Distance after inertia-axes alignment .................. : 1.738

  --- ith Transformation matrix --- 
   0.995528  -0.085757  -0.039624   2.155680
   0.084453   0.995865  -0.033476   0.243828
   0.042331   0.029979   0.998654  -3.091877
   0.000000   0.000000   0.000000   1.000000
